{
 "cells": [
  {
   "cell_type": "markdown",
   "metadata": {},
   "source": [
    "## Initialization"
   ]
  },
  {
   "cell_type": "code",
   "execution_count": 1,
   "metadata": {},
   "outputs": [
    {
     "name": "stdout",
     "output_type": "stream",
     "text": [
      "Done\n"
     ]
    }
   ],
   "source": [
    "import numpy as np\n",
    "import scipy.linalg as la\n",
    "import scipy.optimize as scipyOpt\n",
    "import math, itertools as it\n",
    "import matplotlib as mpl ; import matplotlib.pyplot as plt ; plt.ion()\n",
    "from matplotlib import rc\n",
    "#rc('font',**{'family':'sans-serif','sans-serif':['Helvetiva']})\n",
    "rc('text', usetex=True)\n",
    "\n",
    "#phaseInfo = 'phased_d001_-2.00'\n",
    "phaseInfo = 'unphased'\n",
    "\n",
    "t0_Tag = 't0_0'\n",
    "\n",
    "print (\"Done\")\n"
   ]
  },
  {
   "cell_type": "markdown",
   "metadata": {},
   "source": [
    "## Directories, constants, parameters"
   ]
  },
  {
   "cell_type": "markdown",
   "metadata": {},
   "source": [
    "### Generic dictionaries"
   ]
  },
  {
   "cell_type": "code",
   "execution_count": 15,
   "metadata": {},
   "outputs": [
    {
     "name": "stdout",
     "output_type": "stream",
     "text": [
      "\n",
      "Done\n",
      "\n"
     ]
    }
   ],
   "source": [
    "momLabels_Dict = {'unphased': ['pz.0', 'pz.1', 'pz.2'],\n",
    "                  'phased_d001_-2.00': ['pz.-4','pz.-5','pz.-6']}\n",
    "\n",
    "momValue_Dict = {'unphased': {'pz.0': np.array([0,0,0]),\n",
    "                              'pz.1': np.array([0,0,1]),\n",
    "                              'pz.2': np.array([0,0,2])},\n",
    "                 'phased_d001_-2.00': {'pz.-4': np.array([0,0,-4]),\n",
    "                                       'pz.-5': np.array([0,0,-5]),\n",
    "                                       'pz.-6': np.array([0,0,-6])}}\n",
    "\n",
    "operatorList_Dict = {'unphased_pz.0': 'operator_unphased.list',\n",
    "                     'unphased_pz.1': 'operator_inflight.list',\n",
    "                     'unphased_pz.2': 'operator_inflight.list',\n",
    "                     'phased_d001_-2.00_pz.-4': 'operator_inflight.list',\n",
    "                     'phased_d001_-2.00_pz.-5': 'operator_inflight.list',\n",
    "                     'phased_d001_-2.00_pz.-6': 'operator_inflight.list'}\n",
    "\n",
    "Ncfg_Dict = {'unphased_pz.0': 351,\n",
    "             'unphased_pz.1': 349,\n",
    "             'unphased_pz.2': 349,\n",
    "             'phased_d001_-2.00_pz.-4': 125,\n",
    "             'phased_d001_-2.00_pz.-5': 125,\n",
    "             'phased_d001_-2.00_pz.-6': 125}\n",
    "\n",
    "Nt_Dict = {'unphased_pz.0': 16,\n",
    "           'unphased_pz.1': 21,\n",
    "           'unphased_pz.2': 21,\n",
    "           'phased_d001_-2.00_pz.-4': 21,\n",
    "           'phased_d001_-2.00_pz.-5': 21,\n",
    "           'phased_d001_-2.00_pz.-6': 21}\n",
    "\n",
    "nRow_Dict = {'unphased_pz.0': 1,\n",
    "             'unphased_pz.1': 2,\n",
    "             'unphased_pz.2': 2,\n",
    "             'phased_d001_-2.00_pz.-4': 1,\n",
    "             'phased_d001_-2.00_pz.-5': 1,\n",
    "             'phased_d001_-2.00_pz.-6': 1}\n",
    "\n",
    "tSrc_Dict = {'unphased_pz.0': [0,12,16,32],\n",
    "             'unphased_pz.1': [0,16,32,48],\n",
    "             'unphased_pz.2': [0,16,32,48],\n",
    "             'phased_d001_-2.00_pz.-4': [0]}\n",
    "\n",
    "             \n",
    "print('\\nDone\\n')\n"
   ]
  },
  {
   "cell_type": "markdown",
   "metadata": {},
   "source": [
    "### Parameter definitions"
   ]
  },
  {
   "cell_type": "code",
   "execution_count": 3,
   "metadata": {},
   "outputs": [
    {
     "name": "stdout",
     "output_type": "stream",
     "text": [
      "Operator List:\n",
      "{'unphased_pz.0': ['NucleonMG1g1MxD0J0S_J1o2_G1g1', 'NucleonMG1g1MxD2J0M_J1o2_G1g1', 'NucleonMG1g1MxD2J0S_J1o2_G1g1', 'NucleonMG1g1MxD2J1A_J1o2_G1g1', 'NucleonMG1g1MxD2J1M_J1o2_G1g1', 'NucleonMHg1SxD2J1M_J1o2_G1g1', 'NucleonMHg1SxD2J2M_J1o2_G1g1'], 'unphased_pz.1': ['NucleonMG1g1MxD0J0S_J1o2_H1o2D4E1', 'NucleonMG1g1MxD2J0M_J1o2_H1o2D4E1', 'NucleonMG1g1MxD2J1A_J1o2_H1o2D4E1', 'NucleonMHg1SxD2J2M_J1o2_H1o2D4E1', 'NucleonMG1g1MxD2J1M_J1o2_H1o2D4E1', 'NucleonMHg1SxD2J1M_J1o2_H1o2D4E1', 'NucleonMHg1SxD2J0M_J3o2_H1o2D4E1', 'NucleonMG1g1MxD2J2S_J5o2_H1o2D4E1', 'NucleonMG1g1MxD1J1M_J1o2_H1o2D4E1', 'NucleonMHg1SxD1J1M_J1o2_H1o2D4E1', 'NucleonMG1g1MxD1J1M_J3o2_H1o2D4E1', 'NucleonMHg1SxD1J1M_J3o2_H1o2D4E1', 'NucleonMHg1SxD1J1M_J5o2_H1o2D4E1', 'NucleonMG1g1MxD2J2S_J3o2_H1o2D4E1', 'NucleonMHg1SxD2J2M_J3o2_H1o2D4E1', 'NucleonMG1g1MxD2J2M_J3o2_H1o2D4E1'], 'unphased_pz.2': ['NucleonMG1g1MxD0J0S_J1o2_H1o2D4E1', 'NucleonMG1g1MxD2J0M_J1o2_H1o2D4E1', 'NucleonMG1g1MxD2J1A_J1o2_H1o2D4E1', 'NucleonMHg1SxD2J2M_J1o2_H1o2D4E1', 'NucleonMG1g1MxD2J1M_J1o2_H1o2D4E1', 'NucleonMHg1SxD2J1M_J1o2_H1o2D4E1', 'NucleonMHg1SxD2J0M_J3o2_H1o2D4E1', 'NucleonMG1g1MxD2J2S_J5o2_H1o2D4E1', 'NucleonMG1g1MxD1J1M_J1o2_H1o2D4E1', 'NucleonMHg1SxD1J1M_J1o2_H1o2D4E1', 'NucleonMG1g1MxD1J1M_J3o2_H1o2D4E1', 'NucleonMHg1SxD1J1M_J3o2_H1o2D4E1', 'NucleonMHg1SxD1J1M_J5o2_H1o2D4E1', 'NucleonMG1g1MxD2J2S_J3o2_H1o2D4E1', 'NucleonMHg1SxD2J2M_J3o2_H1o2D4E1', 'NucleonMG1g1MxD2J2M_J3o2_H1o2D4E1']}\n",
      "\n",
      "Done\n",
      "\n"
     ]
    }
   ],
   "source": [
    "# Momentum\n",
    "momLabels = momLabels_Dict[phaseInfo]\n",
    "momValue  = momValue_Dict[phaseInfo]\n",
    "\n",
    "def momInfo(mLab):\n",
    "    mVal  = momValue[mLab]\n",
    "    mTag = 'momXYZ.%d.%d.%d' % (momValue[mLab][0],momValue[mLab][1],momValue[mLab][2])\n",
    "    return mVal, mTag\n",
    "#------------------------------------------------\n",
    "        \n",
    "# Source and sink operators\n",
    "\n",
    "# Read operators for given momentum\n",
    "Nop_dict = {}\n",
    "optrList = {}\n",
    "for pL in momLabels:\n",
    "    runTag = '%s_%s'%(phaseInfo,pL)\n",
    "    operator_list = operatorList_Dict[runTag]\n",
    "    optrList[runTag] = []\n",
    "    with open(operator_list) as fp:\n",
    "        line = fp.readlines()\n",
    "        for t in line:\n",
    "            optrList[runTag].append(t.split()[0])\n",
    "    Nop_dict[runTag] = len(optrList[runTag])\n",
    "\n",
    "print('Operator List:')\n",
    "print(optrList)\n",
    "#------------------------------------------------\n",
    "\n",
    "# Directories, files\n",
    "corr_dir='../2pt_corr_effEnergy/2pt_data_%s' % (phaseInfo)\n",
    "#------------------------------------------------\n",
    "\n",
    "# Ensemble parameters\n",
    "L = 32\n",
    "T = 64\n",
    "binsize=1\n",
    "#------------------------------------------------\n",
    "\n",
    "# Nucleon, pion mass\n",
    "alat_fm = 0.094\n",
    "alat_iGeV = alat_fm / 0.1973\n",
    "mpi_GeV = 0.350\n",
    "mN_GeV = 1.123\n",
    "amN = mN_GeV * alat_iGeV\n",
    "\n",
    "# Dispersion relation\n",
    "Pi = np.pi\n",
    "def dispRel(am,k):\n",
    "    ap = 2*Pi/L * k\n",
    "    return np.sqrt(am**2 + np.dot(ap,ap))\n",
    "    \n",
    "\n",
    "print('\\nDone\\n')"
   ]
  },
  {
   "cell_type": "markdown",
   "metadata": {},
   "source": [
    "## Jackknife functions"
   ]
  },
  {
   "cell_type": "code",
   "execution_count": 4,
   "metadata": {},
   "outputs": [
    {
     "name": "stdout",
     "output_type": "stream",
     "text": [
      "\n",
      "Done\n",
      "\n"
     ]
    }
   ],
   "source": [
    "def jackknife_ave(bins,Nbins,tL):\n",
    "\n",
    "    Jax = 0\n",
    "    \n",
    "    if(tL==1):\n",
    "        ave = np.mean(bins)\n",
    "\n",
    "        sqsum = sum(map(lambda x:x*x,ave-bins))\n",
    "        fac = (Nbins -1) / float(Nbins)\n",
    "        err = np.sqrt(fac*sqsum)\n",
    "    else:\n",
    "        ave = np.mean(bins, axis=Jax)\n",
    "\n",
    "        err = np.zeros(tL)\n",
    "        for i in range(tL):\n",
    "            sqsum = sum(map(lambda x:x*x,ave[i]-bins[:,i].real))\n",
    "            fac = (Nbins -1) / float(Nbins)\n",
    "            err[i] = np.sqrt(fac*sqsum)        \n",
    "            \n",
    "    return (ave,err)\n",
    "#-------------------------------------------------------\n",
    "\n",
    "def jackknife_binning(corr, binsize=1):\n",
    "    \n",
    "    Jax=0\n",
    "    \n",
    "    # Define the number of bins\n",
    "    mod   = Ncfg%binsize\n",
    "    Nbins = int((Ncfg - mod) / binsize)\n",
    "    bins = np.zeros((Nbins,Nt))\n",
    "\n",
    "    csum = np.sum(corr,axis=Jax) # Sum w.r.t to the configurations\n",
    "    for t in range(Nt):\n",
    "        for m in np.arange(1,mod+1):\n",
    "            csum[t] -= corr[Ncfg-m,t]  # Throw away data in case there is modulo\n",
    "            \n",
    "        for b in range(Nbins):\n",
    "            bsum = 0\n",
    "            for k in range(binsize):\n",
    "                bsum += corr[b*binsize+k,t]\n",
    "                \n",
    "            bins[b][t] = (csum[t] - bsum) / float(Ncfg - binsize - mod) # Bin averages for each bin,t\n",
    "\n",
    "    return bins, Nbins\n",
    "#-------------------------------------------------------\n",
    "\n",
    "print('\\nDone\\n')"
   ]
  },
  {
   "cell_type": "markdown",
   "metadata": {},
   "source": [
    "## Fit functions and relevant"
   ]
  },
  {
   "cell_type": "code",
   "execution_count": 5,
   "metadata": {},
   "outputs": [
    {
     "name": "stdout",
     "output_type": "stream",
     "text": [
      "\n",
      "Done\n",
      "\n"
     ]
    }
   ],
   "source": [
    "# Constant fit\n",
    "def constFit(x,E0):\n",
    "    return E0\n",
    "#------------------------\n",
    "\n",
    "\n",
    "# Ansatze for eigenvalues\n",
    "\n",
    "\n",
    "# Fixed Z-factor fit\n",
    "def Di(x,E0,En):\n",
    "    return np.exp(-En*x)-np.exp(-E0*x)\n",
    "\n",
    "def Mf(E0,En):\n",
    "    return sum( map(lambda t:t, (ydata-np.exp(-E0*xdata))*Di(xdata,E0,En)/yerr**2) )\n",
    "\n",
    "def Qf(E0,En):\n",
    "    return sum( map(lambda t:t*t, Di(xdata,E0,En)) )\n",
    "\n",
    "def Zf(E0,En):\n",
    "    Mdef = Mf(E0,En)\n",
    "    Qdef = Qf(E0,En)\n",
    "    Zdef = Mdef/Qdef\n",
    "    print('Zf: E0, En, M, Q, Z = ', E0, En, Mdef, Qdef, Zdef)\n",
    "    return Zdef\n",
    "\n",
    "def lambdaFz(x,E0,En):\n",
    "    return np.exp(-E0*x) + Zf(E0,En)*( np.exp(-En*x) - np.exp(-E0*x) )\n",
    "#------------------------\n",
    "    \n",
    "\n",
    "# Two-state fit\n",
    "def lambdaF(x,E0,En,Z):\n",
    "    return np.exp(-E0*x) + Z*( np.exp(-En*x) - np.exp(-E0*x) )\n",
    "#    return np.exp(-E0*x)*(1-Z) + Z*np.exp(-En*x)\n",
    "\n",
    "# 1-state fit\n",
    "def lambdaF1s(x,E0,Z):\n",
    "    return Z*np.exp(-E0*x)\n",
    "#------------------------\n",
    "\n",
    "\n",
    "# Chi-square\n",
    "def chiSq(x, y, err, E0, En, Z):\n",
    "    return sum( map(lambda t:t*t, (y-lambdaF(x,E0,En,Z))/err) )\n",
    "\n",
    "def chiSq1s(x, y, err, E0, Z):\n",
    "    return sum( map(lambda t:t*t, (y-lambdaF1s(x,E0,Z))/err) )\n",
    "\n",
    "def chiSqFz(x, y, err, E0, En):\n",
    "    return sum( map(lambda t:t*t, (y-lambdaFz(x,E0,En))/err) )\n",
    "\n",
    "\n",
    "# More traditionally\n",
    "def chiSq2(x, y, err, E0, En, Z):\n",
    "    chi2 = 0\n",
    "    for i in range(len(x)):\n",
    "        chi2 += ( (y[i] - lambdaF(x[i],E0,En,Z))/err[i] )**2    \n",
    "    return chi2\n",
    "#------------------------\n",
    "\n",
    "\n",
    "print('\\nDone\\n')"
   ]
  },
  {
   "cell_type": "markdown",
   "metadata": {},
   "source": [
    "## Read correlators, construct effective energy"
   ]
  },
  {
   "cell_type": "code",
   "execution_count": 17,
   "metadata": {},
   "outputs": [
    {
     "name": "stderr",
     "output_type": "stream",
     "text": [
      "/usr/lib/python3/dist-packages/ipykernel_launcher.py:62: RuntimeWarning: invalid value encountered in log\n",
      "/usr/lib/python3/dist-packages/ipykernel_launcher.py:89: RuntimeWarning: invalid value encountered in log\n"
     ]
    },
    {
     "name": "stdout",
     "output_type": "stream",
     "text": [
      "pz.0 done\n",
      "pz.1 done\n",
      "pz.2 done\n",
      "\n",
      "Done\n",
      "\n"
     ]
    }
   ],
   "source": [
    "effEnergy_Allbins = {}\n",
    "effEnergy_Allave  = {}\n",
    "corr2pt_Allbins   = {}\n",
    "corr2pt_Allave    = {}\n",
    "\n",
    "corr2pt_rowAvg = {}\n",
    "\n",
    "corr2pt_rawAllave = {}\n",
    "\n",
    "effEnergy_bins = {}\n",
    "effEnergy_ave  = {}\n",
    "corr2pt_bins   = {}\n",
    "corr2pt_ave    = {}\n",
    "\n",
    "corr2pt_rawAve = {}\n",
    "\n",
    "Nbins_dict = {}\n",
    "for pL in momLabels:\n",
    "    runTag = '%s_%s'%(phaseInfo,pL)\n",
    "    momVal, momTag = momInfo(pL)\n",
    "    \n",
    "    Ncfg = Ncfg_Dict[runTag]\n",
    "    Nt = Nt_Dict[runTag]\n",
    "    nRow = nRow_Dict[runTag]\n",
    "    tSrcList = tSrc_Dict[runTag]\n",
    "    NtSrc = len(tSrcList)\n",
    "\n",
    "    for isrc, src in enumerate(optrList[runTag]):\n",
    "        for isnk, snk in enumerate(optrList[runTag]):\n",
    "            ckey = (pL,isrc,isnk)\n",
    "            \n",
    "            corr2pt_rawAll = np.zeros((Ncfg,Nt,nRow,NtSrc),dtype=np.complex128)\n",
    "\n",
    "            for itSrc,tSrc in enumerate(tSrcList):\n",
    "                tSrc_Tag = 't0_%d'%(tSrc)\n",
    "                corr_file_pre='corr_2pt.baryon.n64.%s.%s' % (phaseInfo, tSrc_Tag)\n",
    "                \n",
    "                for ir,irow in enumerate(range(1,nRow+1)):\n",
    "                    ckeyA = (pL,isrc,isnk,tSrc,irow)\n",
    "                    corrFile = '%s/%s/%s/%s.src_%s_%d.snk_%s_%d.%s.dat' % (corr_dir,tSrc_Tag,momTag,corr_file_pre, src, irow, snk, irow, momTag)\n",
    "\n",
    "                    with open(corrFile) as fp:\n",
    "                        line = fp.readlines()\n",
    "                        c = 0\n",
    "                        for n in line:\n",
    "                            it   = c%Nt\n",
    "                            icfg = c//Nt\n",
    "                            corr2pt_rawAll[icfg,it,ir,itSrc] = complex(np.float64(n.split()[1]),\n",
    "                                                                       np.float64(n.split()[2]))\n",
    "                            c += 1\n",
    "                    # Reading file\n",
    "                    \n",
    "                    # Jackknife average on All two-point functions\n",
    "                    corr2pt_Allbins[ckeyA], Nbins_dict[runTag] = jackknife_binning(corr2pt_rawAll[:,:,ir,itSrc].real)\n",
    "                    Nbins = Nbins_dict[runTag]\n",
    "                    corr2pt_Allave[ckeyA] = jackknife_ave(corr2pt_Allbins[ckeyA],Nbins,tL=Nt)\n",
    "\n",
    "                    # Effective energy of All tSrc and rows\n",
    "                    effEnergy_Allbins[ckeyA] = np.zeros((Nbins,Nt))\n",
    "                    for it in range(Nt):\n",
    "                        effEnergy_Allbins[ckeyA][:,it] = np.log(corr2pt_Allbins[ckeyA][:,it]/\n",
    "                                                                corr2pt_Allbins[ckeyA][:,(it+1)%Nt])\n",
    "\n",
    "                    effEnergy_Allave[ckeyA] = jackknife_ave(effEnergy_Allbins[ckeyA],Nbins,Nt)\n",
    "                # for-irow\n",
    "\n",
    "                # Standard average and standard error (still average over rows)\n",
    "                ckeyB = (pL,isrc,isnk,tSrc)\n",
    "                corr2pt_rowAvg[ckeyB] = np.mean(corr2pt_rawAll[:,:,:,itSrc],axis=2,dtype=np.complex128) # Average over rows\n",
    "                corr2pt_rawAllave[ckeyB] = (np.mean(corr2pt_rowAvg[ckeyB],axis=0),\n",
    "                                            np.std(corr2pt_rowAvg[ckeyB],axis=0)/np.sqrt(Ncfg))\n",
    "                \n",
    "            # for-tSrc\n",
    "            \n",
    "            # Average over rows and tSrc\n",
    "            corr2pt_Tmp1 = np.mean(corr2pt_rawAll,axis=3,dtype=np.complex128) # over tSrc\n",
    "            corr2pt_Tmp2 = np.mean(corr2pt_Tmp1  ,axis=2,dtype=np.complex128) # over rows\n",
    "            \n",
    "            # Standard average and standard error\n",
    "            corr2pt_rawAve[ckey] = (np.mean(corr2pt_Tmp2,axis=0),np.std(corr2pt_Tmp2,axis=0)/np.sqrt(Ncfg))\n",
    "            \n",
    "            # Jackknife-binning and Effective energy on tSrc- and row-average            \n",
    "            corr2pt_bins[ckey], Nbins = jackknife_binning(corr2pt_Tmp2.real)\n",
    "            corr2pt_ave[ckey] = jackknife_ave(corr2pt_bins[ckey],Nbins,tL=Nt)\n",
    "            \n",
    "            effEnergy_bins[ckey] = np.zeros((Nbins,Nt))\n",
    "            for it in range(Nt):\n",
    "                effEnergy_bins[ckey][:,it] = np.log(corr2pt_bins[ckey][:,it]/\n",
    "                                                    corr2pt_bins[ckey][:,(it+1)%Nt])\n",
    "\n",
    "            effEnergy_ave[ckey] = jackknife_ave(effEnergy_bins[ckey],Nbins,tL=Nt)\n",
    "    # for isrc/isnk\n",
    "            \n",
    "    print('%s done'%(pL))\n",
    "            \n",
    "print('\\nDone\\n')"
   ]
  },
  {
   "cell_type": "markdown",
   "metadata": {},
   "source": [
    "### Construct Covariance Matrix of the correlator"
   ]
  },
  {
   "cell_type": "code",
   "execution_count": 18,
   "metadata": {},
   "outputs": [
    {
     "name": "stdout",
     "output_type": "stream",
     "text": [
      "pz.0 done\n",
      "pz.1 done\n",
      "pz.2 done\n",
      "\n",
      "Done\n",
      "\n"
     ]
    }
   ],
   "source": [
    "\n",
    "Ctld = {}\n",
    "CovMat = {}\n",
    "\n",
    "for pL in momLabels:\n",
    "    runTag = '%s_%s'%(phaseInfo,pL)\n",
    "    momVal, momTag = momInfo(pL)\n",
    "    \n",
    "    Ncfg = Ncfg_Dict[runTag]\n",
    "    Nt = Nt_Dict[runTag]\n",
    "    nRow = nRow_Dict[runTag]\n",
    "    tSrcList = tSrc_Dict[runTag]\n",
    "    NtSrc = len(tSrcList)\n",
    "\n",
    "    for isrc, src in enumerate(optrList[runTag]):\n",
    "        for isnk, snk in enumerate(optrList[runTag]):\n",
    "            for itSrc,tSrc in enumerate(tSrcList):\n",
    "                ckeyB = (pL,isrc,isnk,tSrc)\n",
    "\n",
    "                C2spl = corr2pt_rowAvg[ckeyB] # (Ncfg x Nt)\n",
    "                C2ave = corr2pt_rawAllave[ckeyB] # (2,Nt) -> (0,Nt): value, (1,Nt): error\n",
    "                \n",
    "                Ctld[ckeyB] = np.zeros((Ncfg,Nt))\n",
    "                for ic in range(Ncfg):\n",
    "                    for ti in range(Nt):\n",
    "                        Ctld[ckeyB][ic,ti] = C2spl[ic,ti].real-C2ave[0][ti].real # sum(C - C_ave) for each t\n",
    "    \n",
    "            for ti in range(Nt):\n",
    "                ckeyM = (pL,isrc,isnk,ti)\n",
    "                CovMat[ckeyM] = np.zeros((NtSrc,NtSrc))\n",
    "                \n",
    "                for itSrcr,tSrcr in enumerate(tSrcList):\n",
    "                    ckeyR = (pL,isrc,isnk,tSrcr)\n",
    "                    rNrm = np.sqrt(Ctld[ckeyR][:,ti].dot(Ctld[ckeyR][:,ti]))\n",
    "                    for itSrcc,tSrcc in enumerate(tSrcList):\n",
    "                        ckeyC = (pL,isrc,isnk,tSrcc)\n",
    "                        cNrm = np.sqrt(Ctld[ckeyC][:,ti].dot(Ctld[ckeyC][:,ti]))\n",
    "\n",
    "                        CovMat[ckeyM][itSrcr,itSrcc] = (np.dot(Ctld[ckeyR][:,ti],Ctld[ckeyC][:,ti])/\n",
    "                                                                    (rNrm*cNrm))\n",
    "\n",
    "    print('%s done'%(pL))\n",
    "\n",
    "print('\\nDone\\n')\n"
   ]
  },
  {
   "cell_type": "code",
   "execution_count": 23,
   "metadata": {},
   "outputs": [
    {
     "name": "stdout",
     "output_type": "stream",
     "text": [
      "t = 0\n",
      "[[ 1.         -0.03603722  0.03579692 -0.04868396]\n",
      " [-0.03603722  1.          0.41134326  0.02044648]\n",
      " [ 0.03579692  0.41134326  1.         -0.03234247]\n",
      " [-0.04868396  0.02044648 -0.03234247  1.        ]]\n",
      "\n",
      "\n",
      "t = 1\n",
      "[[ 1.          0.11844687  0.06215719 -0.00108262]\n",
      " [ 0.11844687  1.          0.16639584  0.04930143]\n",
      " [ 0.06215719  0.16639584  1.          0.04239875]\n",
      " [-0.00108262  0.04930143  0.04239875  1.        ]]\n",
      "\n",
      "\n",
      "t = 2\n",
      "[[ 1.          0.0202568  -0.00304846 -0.00146617]\n",
      " [ 0.0202568   1.          0.07095065 -0.02016571]\n",
      " [-0.00304846  0.07095065  1.         -0.0172201 ]\n",
      " [-0.00146617 -0.02016571 -0.0172201   1.        ]]\n",
      "\n",
      "\n",
      "t = 3\n",
      "[[ 1.          0.05517951  0.04026545  0.01355408]\n",
      " [ 0.05517951  1.          0.0568585   0.00795356]\n",
      " [ 0.04026545  0.0568585   1.         -0.01037083]\n",
      " [ 0.01355408  0.00795356 -0.01037083  1.        ]]\n",
      "\n",
      "\n",
      "t = 4\n",
      "[[ 1.          0.04777825  0.02040728 -0.00585748]\n",
      " [ 0.04777825  1.          0.05104803  0.00118002]\n",
      " [ 0.02040728  0.05104803  1.         -0.0446613 ]\n",
      " [-0.00585748  0.00118002 -0.0446613   1.        ]]\n",
      "\n",
      "\n",
      "t = 5\n",
      "[[ 1.          0.00854862 -0.03010213 -0.04307064]\n",
      " [ 0.00854862  1.          0.0886111  -0.00108362]\n",
      " [-0.03010213  0.0886111   1.          0.00627891]\n",
      " [-0.04307064 -0.00108362  0.00627891  1.        ]]\n",
      "\n",
      "\n",
      "t = 6\n",
      "[[ 1.          0.00475599  0.04861464  0.06944664]\n",
      " [ 0.00475599  1.          0.07930378 -0.03071736]\n",
      " [ 0.04861464  0.07930378  1.          0.02740195]\n",
      " [ 0.06944664 -0.03071736  0.02740195  1.        ]]\n",
      "\n",
      "\n",
      "t = 7\n",
      "[[ 1.         -0.00956065  0.04180513  0.0273383 ]\n",
      " [-0.00956065  1.          0.16657011  0.02512207]\n",
      " [ 0.04180513  0.16657011  1.          0.02118258]\n",
      " [ 0.0273383   0.02512207  0.02118258  1.        ]]\n",
      "\n",
      "\n",
      "t = 8\n",
      "[[ 1.00000000e+00 -7.63834444e-04  6.49527579e-02  9.13645318e-02]\n",
      " [-7.63834444e-04  1.00000000e+00  2.47071910e-01  2.34128906e-02]\n",
      " [ 6.49527579e-02  2.47071910e-01  1.00000000e+00  4.72022803e-03]\n",
      " [ 9.13645318e-02  2.34128906e-02  4.72022803e-03  1.00000000e+00]]\n",
      "\n",
      "\n",
      "t = 9\n",
      "[[1.         0.00277934 0.10706911 0.0646485 ]\n",
      " [0.00277934 1.         0.3167894  0.02331951]\n",
      " [0.10706911 0.3167894  1.         0.05910677]\n",
      " [0.0646485  0.02331951 0.05910677 1.        ]]\n",
      "\n",
      "\n",
      "t = 10\n",
      "[[1.         0.02088587 0.12393134 0.06811178]\n",
      " [0.02088587 1.         0.33347077 0.02168453]\n",
      " [0.12393134 0.33347077 1.         0.09349904]\n",
      " [0.06811178 0.02168453 0.09349904 1.        ]]\n",
      "\n",
      "\n",
      "t = 11\n",
      "[[1.         0.06574921 0.09591872 0.06071785]\n",
      " [0.06574921 1.         0.30757481 0.07005017]\n",
      " [0.09591872 0.30757481 1.         0.06947567]\n",
      " [0.06071785 0.07005017 0.06947567 1.        ]]\n",
      "\n",
      "\n",
      "t = 12\n",
      "[[1.         0.05562104 0.08864698 0.07772436]\n",
      " [0.05562104 1.         0.36853575 0.01376722]\n",
      " [0.08864698 0.36853575 1.         0.0183834 ]\n",
      " [0.07772436 0.01376722 0.0183834  1.        ]]\n",
      "\n",
      "\n",
      "t = 13\n",
      "[[1.         0.14800738 0.10568494 0.08365058]\n",
      " [0.14800738 1.         0.41450862 0.05185704]\n",
      " [0.10568494 0.41450862 1.         0.00809957]\n",
      " [0.08365058 0.05185704 0.00809957 1.        ]]\n",
      "\n",
      "\n",
      "t = 14\n",
      "[[ 1.          0.14951558  0.09394439  0.03974349]\n",
      " [ 0.14951558  1.          0.42310853  0.04214716]\n",
      " [ 0.09394439  0.42310853  1.         -0.06814952]\n",
      " [ 0.03974349  0.04214716 -0.06814952  1.        ]]\n",
      "\n",
      "\n",
      "t = 15\n",
      "[[ 1.          0.06487895  0.10506212  0.04080322]\n",
      " [ 0.06487895  1.          0.47575021  0.04513153]\n",
      " [ 0.10506212  0.47575021  1.         -0.09697934]\n",
      " [ 0.04080322  0.04513153 -0.09697934  1.        ]]\n",
      "\n",
      "\n"
     ]
    }
   ],
   "source": [
    "pL = 'pz.0'\n",
    "runTag = '%s_%s'%(phaseInfo,pL)\n",
    "Nt = Nt_Dict[runTag]\n",
    "\n",
    "for ti in range(Nt):\n",
    "    print('t = %d'%(ti))\n",
    "    print(CovMat[(mL,0,0,ti)])\n",
    "    print('\\n')"
   ]
  },
  {
   "cell_type": "code",
   "execution_count": 24,
   "metadata": {},
   "outputs": [],
   "source": [
    "mL = 'pz.2'\n",
    "\n",
    "# print(corr2pt_Allave[(mL,0,0,0,2)][1]/corr2pt_ave[(mL,0,0)][1])\n",
    "# print('\\n\\n')\n",
    "# print(effEnergy_Allave[(mL,0,0,0,2)][1]/effEnergy_ave[(mL,0,0)][1])\n",
    "# print('\\n\\n')\n",
    "\n",
    "# print(effEnergy_ave[(mL,0,0)])\n",
    "# print('\\n\\n')\n",
    "# print(effEnergy_Allave[(mL,0,0,0,1)])\n",
    "# print('\\n\\n')\n",
    "\n",
    "# print(corr2pt_ave[(mL,0,0)])\n",
    "# print('\\n\\n')\n",
    "# print(corr2pt_Allave[(mL,0,0,0,1)])\n",
    "# print('\\n\\n')\n"
   ]
  },
  {
   "cell_type": "markdown",
   "metadata": {},
   "source": [
    "## Perform simple constant fit on effective energy"
   ]
  },
  {
   "cell_type": "code",
   "execution_count": 25,
   "metadata": {},
   "outputs": [
    {
     "name": "stdout",
     "output_type": "stream",
     "text": [
      "pz.0 Done\n"
     ]
    },
    {
     "name": "stderr",
     "output_type": "stream",
     "text": [
      "/usr/local/lib/python3.6/dist-packages/scipy/optimize/minpack.py:795: OptimizeWarning: Covariance of the parameters could not be estimated\n",
      "  category=OptimizeWarning)\n"
     ]
    },
    {
     "name": "stdout",
     "output_type": "stream",
     "text": [
      "pz.1 Done\n",
      "pz.2 Done\n",
      "\n",
      "Done\n",
      "\n"
     ]
    }
   ],
   "source": [
    "\n",
    "tini = 8\n",
    "tfin = 13\n",
    "tFit = np.arange(tini,tfin+1)\n",
    "Ndata = len(tFit)\n",
    "\n",
    "E0_fit = {}\n",
    "E0_cov = {}\n",
    "\n",
    "E0_fit_ave = {}\n",
    "for pL in momLabels:\n",
    "    momVal, momTag = momInfo(pL)\n",
    "    runTag = '%s_%s'%(phaseInfo,pL)\n",
    "    Nbins = Nbins_dict[runTag]\n",
    "    nRow = nRow_Dict[runTag]\n",
    "    \n",
    "    for isrc, src in enumerate(optrList[runTag]):\n",
    "        for isnk, snk in enumerate(optrList[runTag]):\n",
    "            ckey = (pL,isrc,isnk)\n",
    "\n",
    "            E0_fit[ckey] = np.zeros(Nbins)\n",
    "            E0_cov[ckey] = np.zeros((Nbins,Ndata))\n",
    "\n",
    "            E0_fitAll = np.zeros(Nbins)\n",
    "            E0_covAll = np.zeros((Nbins,Ndata))\n",
    "\n",
    "            nFit = 0\n",
    "            for ib in range(Nbins):\n",
    "                ydata = effEnergy_bins[ckey][ib,tini:tfin+1]\n",
    "                yerr  = effEnergy_ave[ckey][1][tini:tfin+1] \n",
    "                if (not np.isnan(ydata).any()):\n",
    "                    E0_fitAll[nFit], E0_covAll[nFit] = scipyOpt.curve_fit(constFit,tFit,ydata,sigma=yerr)\n",
    "                    nFit += 1\n",
    "\n",
    "            E0_fit[ckey] =  E0_fitAll[:nFit]\n",
    "\n",
    "            if (np.shape(E0_fit[ckey])==(0,)) or (np.shape(E0_fit[ckey])==(1,)):\n",
    "                E0_fit_ave[ckey] = (0,0)\n",
    "            else:\n",
    "                E0_fit_ave[ckey] = jackknife_ave(E0_fit[ckey],Nbins=nFit,tL=1)\n",
    "\n",
    "    print('%s Done'%(pL))\n",
    "    \n",
    "print('\\nDone\\n')\n",
    "\n"
   ]
  },
  {
   "cell_type": "markdown",
   "metadata": {},
   "source": [
    "## Plot some results"
   ]
  },
  {
   "cell_type": "code",
   "execution_count": 26,
   "metadata": {},
   "outputs": [],
   "source": [
    "pDct   = {0: 'ro', 1: 'bs', 2: 'g^', 3: 'mp', 4: 'cX'}\n",
    "cDct   = {0: 'r', 1: 'b', 2: 'g', 3: 'm', 4: 'c'}\n",
    "osDct  = {0: 0.0 , 1: 0.15, 2: 0.3, 3: 0.45, 4: 0.6}\n",
    "osDctF = {0: 0.0 , 1: 0.07, 2: 0.15, 3: 0.22, 4: 0.3,\n",
    "          5: 0.37, 6: 0.45, 7: 0.52, 8: 0.60, 9: 0.67}\n",
    "fsDct = {1: 'full',2:'none'}"
   ]
  },
  {
   "cell_type": "code",
   "execution_count": 27,
   "metadata": {},
   "outputs": [
    {
     "name": "stdout",
     "output_type": "stream",
     "text": [
      "isrc: 0\n",
      "isnk: 0\n"
     ]
    },
    {
     "data": {
